14
3n43pdb 0.00 0.28 0.29 0.26 0.30 0.36 0.35 0.12 0.26 0.38 0.30 0.30 0.26 0.24
4GSXpdb 0.28 0.00 0.27 0.13 0.31 0.30 0.31 0.33 0.23 0.33 0.32 0.31 0.13 0.26
4OJCmodelpdb 0.29 0.27 0.00 0.30 0.33 0.43 0.29 0.29 0.23 0.42 0.40 0.42 0.26 0.22
2alapdb 0.26 0.13 0.30 0.00 0.27 0.32 0.28 0.29 0.21 0.36 0.29 0.29 0.11 0.17
6E18pdb 0.30 0.31 0.33 0.27 0.00 0.32 0.11 0.34 0.27 0.31 0.30 0.38 0.28 0.31
WP058826362Haloferax 0.36 0.30 0.43 0.32 0.32 0.00 0.30 0.36 0.35 0.04 0.07 0.17 0.28 0.39
5ow3pdb 0.35 0.31 0.29 0.28 0.11 0.30 0.00 0.37 0.31 0.32 0.29 0.34 0.31 0.34
2I69pdb 0.12 0.33 0.29 0.29 0.34 0.36 0.37 0.00 0.28 0.37 0.32 0.32 0.28 0.26
6EGUpdb 0.26 0.23 0.23 0.21 0.27 0.35 0.31 0.28 0.00 0.42 0.37 0.38 0.22 0.10
fsxA11monomerpdb 0.38 0.33 0.42 0.36 0.31 0.04 0.32 0.37 0.42 0.00 0.03 0.12 0.32 0.41
WP049937247Hnatanspd 0.30 0.32 0.40 0.29 0.30 0.07 0.29 0.32 0.37 0.03 0.00 0.16 0.30 0.38
WP163487151Hborinque 0.30 0.31 0.42 0.29 0.38 0.17 0.34 0.32 0.38 0.12 0.16 0.00 0.31 0.38
1rerpdb 0.26 0.13 0.26 0.11 0.28 0.28 0.31 0.28 0.22 0.32 0.30 0.31 0.00 0.23
4HJ1pdb 0.24 0.26 0.22 0.17 0.31 0.39 0.34 0.26 0.10 0.41 0.38 0.38 0.23 0.00
