WP_058826362.1	JABURA010000001	34.325	504	299	11	3	499	1789013	1790449	1.23e-78	269
WP_007110832.1	JABURA010000001	38.400	500	283	9	5	500	1789019	1790455	2.20e-93	310
WP_049937247.1	JABURA010000001	34.646	508	304	13	1	501	1789001	1790461	2.55e-76	260
AJF63093.1	JABURA010000001	22.667	300	200	12	189	470	1789586	1790443	3.01e-13	70.1
SAMEA2619974_10776_4	JABURA010000001	20.930	473	327	21	5	445	1789034	1790407	6.83e-09	56.2
LKMP01000007_1	JABURA010000001	26.316	494	334	15	1	482	1789025	1790452	2.73e-35	139
3300000868-JGI12330J12834-1000008-299010-8	JABURA010000001	36.458	480	277	15	1	471	1789040	1790422	8.72e-65	228
3300018015-Ga0187866-1000629-915963-9	JABURA010000001	23.858	394	261	18	126	493	1789415	1790557	7.32e-12	65.5
mc20532409|Representative=scaffold68885_2/1553	JABURA010000001	23.529	391	229	17	114	457	1789310	1790413	1.87e-16	80.5
mc28051924|Representative=scaffold00511_6/1641	JABURA010000001	25.723	346	221	16	140	460	1789406	1790410	1.20e-08	55.5
mc35819395|Representative=scaffold02562_2/1609	JABURA010000001	22.619	336	217	11	137	441	1789436	1790407	5.98e-10	59.3
mc35819395|Representative=scaffold02562_2/1609	JABURA010000001	22.619	336	217	11	136	440	1789436	1790407	5.90e-10	59.3
mc38416445|Representative=scaffold18285_3/1609	JABURA010000001	22.288	507	335	24	30	488	1789082	1790569	3.78e-08	53.5
AntAceMinimDraft_18_1070375.scaffolds.fasta_scaffold36732_2	JABURA010000001	28.037	321	201	14	179	483	1789553	1790473	6.63e-15	75.5
AntAceMinimDraft_4_1070372.scaffolds.fasta_scaffold00557_40	JABURA010000001	23.614	487	333	20	8	459	1789010	1790458	7.94e-18	84.3
AntAceMinimDraft_4_1070372.scaffolds.fasta_scaffold07707_5	JABURA010000001	22.832	346	227	13	156	466	1789478	1790500	2.43e-09	57.4
mc1186234327|Representative=scaffold04391_3/1591	JABURA010000001	25.614	285	195	9	194	463	1789571	1790419	2.72e-12	67.0
AntAceMinimDraft_10_1070366.scaffolds.fasta_scaffold24857_2	JABURA010000001	22.938	497	322	19	10	459	1789025	1790473	1.89e-16	80.1
AntAceMinimDraft_18_1070375.scaffolds.fasta_scaffold11370_2	JABURA010000001	21.899	516	344	21	1	465	1789010	1790533	3.69e-15	75.9
AntAceMinimDraft_18_1070375.scaffolds.fasta_scaffold01114_5	JABURA010000001	27.957	186	118	8	278	450	1789904	1790452	8.30e-07	49.3
mc35978870|Representative=scaffold26691_1/1574	JABURA010000001	22.549	408	273	15	15	385	1789034	1790239	2.00e-13	70.9
AntAceMinimDraft_4_1070372.scaffolds.fasta_scaffold34113_4	JABURA010000001	22.549	408	273	15	15	385	1789034	1790239	2.00e-13	70.9
AntAceMinimDraft_4_1070372.scaffolds.fasta_scaffold83478_1	JABURA010000001	23.913	230	150	8	205	416	1789568	1790236	6.22e-11	62.0
AntAceMinimDraft_18_1070375.scaffolds.fasta_scaffold82302_1	JABURA010000001	23.077	312	208	13	2	284	1789595	1790521	3.42e-10	58.2
AntAceMinimDraft_18_1070375.scaffolds.fasta_scaffold44372_2	JABURA010000001	24.713	174	116	6	297	463	1789925	1790422	2.88e-06	47.4
AntAceMinimDraft_18_1070375.scaffolds.fasta_scaffold31711_5	JABURA010000001	25.610	246	153	9	139	378	1789448	1790113	2.95e-11	63.5
AntAceMinimDraft_18_1070375.scaffolds.fasta_scaffold72169_1	JABURA010000001	25.243	206	140	8	13	213	1789517	1790107	3.48e-07	49.7
mc1328965482|Representative=gi|998585003|gb|LFCJ01001378.1|_8/1661	JABURA010000001	28.866	485	311	16	2	470	1789019	1790419	1.20e-35	140
LFCJ01.1.fsa_nt_gi|998588745|gb|LFCJ01000121.1|_24	JABURA010000001	26.626	492	330	15	3	480	1789028	1790452	6.47e-35	138
AntAceMinimDraft_18_1070375.scaffolds.fasta_scaffold00713_2	JABURA010000001	24.435	487	330	15	48	524	1789112	1790488	4.21e-17	82.8
AntAceMinimDraft_10_1070366.scaffolds.fasta_scaffold00069_38	JABURA010000001	26.758	512	334	17	2	502	1789034	1790479	3.28e-42	160
AntAceMinimDraft_18_1070375.scaffolds.fasta_scaffold50355_1	JABURA010000001	27.306	271	159	8	26	277	1789676	1790431	1.59e-18	84.3
PlaIllAssembly_1097288.scaffolds.fasta_scaffold00281_9	JABURA010000001	27.228	202	127	10	270	463	1789883	1790452	8.19e-07	49.3
AntAceMinimDraft_10_1070366.scaffolds.fasta_scaffold101998_1	JABURA010000001	24.713	174	116	6	86	252	1789925	1790422	1.11e-06	47.4
RifOxyB1_1023888.scaffolds.fasta_scaffold05169_1	JABURA010000001	23.529	187	131	6	177	355	1789571	1790119	1.15e-09	58.5
AntAceMinimDraft_10_1070366.scaffolds.fasta_scaffold110382_1	JABURA010000001	22.967	209	141	7	143	332	1789448	1790071	6.78e-06	45.4
